0 0.1282051282051282 0.02564102564102564 0.07692307692307693 0.07692307692307693
0 0.28205128205128205 0.038461538461538464 0.07692307692307693 0.07692307692307693
0 0.7564102564102564 0.038461538461538464 0.07692307692307693 0.07692307692307693
0 0.20512820512820512 0.08974358974358974 0.07692307692307693 0.07692307692307693
0 0.07692307692307693 0.10256410256410256 0.07692307692307693 0.07692307692307693
0 0.6923076923076923 0.10256410256410256 0.07692307692307693 0.07692307692307693
0 0.4358974358974359 0.1282051282051282 0.07692307692307693 0.07692307692307693
0 0.9230769230769231 0.1282051282051282 0.07692307692307693 0.07692307692307693
0 0.8461538461538461 0.1282051282051282 0.07692307692307693 0.07692307692307693
0 0.32051282051282054 0.16666666666666666 0.07692307692307693 0.07692307692307693
0 0.24358974358974358 0.1794871794871795 0.07692307692307693 0.07692307692307693
0 0.16666666666666666 0.19230769230769232 0.07692307692307693 0.07692307692307693
0 0.5512820512820513 0.19230769230769232 0.07692307692307693 0.07692307692307693
0 0.358974358974359 0.21794871794871795 0.07692307692307693 0.07692307692307693
0 0.6538461538461539 0.21794871794871795 0.07692307692307693 0.07692307692307693
0 0.5 0.24358974358974358 0.07692307692307693 0.07692307692307693
0 0.5641025641025641 0.2692307692307692 0.07692307692307693 0.07692307692307693
0 0.3333333333333333 0.2692307692307692 0.07692307692307693 0.07692307692307693
0 0.10256410256410256 0.28205128205128205 0.07692307692307693 0.07692307692307693
0 0.1794871794871795 0.28205128205128205 0.07692307692307693 0.07692307692307693
0 0.358974358974359 0.32051282051282054 0.07692307692307693 0.07692307692307693
0 0.46153846153846156 0.3333333333333333 0.07692307692307693 0.07692307692307693
0 0.6538461538461539 0.3333333333333333 0.07692307692307693 0.07692307692307693
0 0.8076923076923077 0.34615384615384615 0.07692307692307693 0.07692307692307693
0 0.21794871794871795 0.34615384615384615 0.07692307692307693 0.07692307692307693
0 0.01282051282051282 0.3717948717948718 0.07692307692307693 0.07692307692307693
0 0.28205128205128205 0.3717948717948718 0.07692307692307693 0.07692307692307693
0 0.3974358974358974 0.3717948717948718 0.07692307692307693 0.07692307692307693
0 0.15384615384615385 0.3717948717948718 0.07692307692307693 0.07692307692307693
0 0.8333333333333334 0.38461538461538464 0.07692307692307693 0.07692307692307693
0 0.6923076923076923 0.3974358974358974 0.07692307692307693 0.07692307692307693
0 0.21794871794871795 0.41025641025641024 0.07692307692307693 0.07692307692307693
0 0.0641025641025641 0.4230769230769231 0.07692307692307693 0.07692307692307693
0 0.3717948717948718 0.4230769230769231 0.07692307692307693 0.07692307692307693
0 0.8076923076923077 0.44871794871794873 0.07692307692307693 0.07692307692307693
0 0.2692307692307692 0.47435897435897434 0.07692307692307693 0.07692307692307693
0 0.41025641025641024 0.48717948717948717 0.07692307692307693 0.07692307692307693
0 0.3717948717948718 0.5256410256410257 0.07692307692307693 0.07692307692307693
0 0.717948717948718 0.5256410256410257 0.07692307692307693 0.07692307692307693
0 0.19230769230769232 0.5384615384615384 0.07692307692307693 0.07692307692307693
0 0.5769230769230769 0.5384615384615384 0.07692307692307693 0.07692307692307693
0 0.6538461538461539 0.5512820512820513 0.07692307692307693 0.07692307692307693
0 0.5256410256410257 0.5641025641025641 0.07692307692307693 0.07692307692307693
0 0.14102564102564102 0.5769230769230769 0.07692307692307693 0.07692307692307693
0 0.6794871794871795 0.5769230769230769 0.07692307692307693 0.07692307692307693
0 0.34615384615384615 0.5897435897435898 0.07692307692307693 0.07692307692307693
0 0.717948717948718 0.6282051282051282 0.07692307692307693 0.07692307692307693
0 0.10256410256410256 0.6410256410256411 0.07692307692307693 0.07692307692307693
0 0.9230769230769231 0.6410256410256411 0.07692307692307693 0.07692307692307693
0 0.4230769230769231 0.6666666666666666 0.07692307692307693 0.07692307692307693
0 0.5897435897435898 0.6666666666666666 0.07692307692307693 0.07692307692307693
0 0.21794871794871795 0.6666666666666666 0.07692307692307693 0.07692307692307693
0 0.16666666666666666 0.7051282051282052 0.07692307692307693 0.07692307692307693
0 0.41025641025641024 0.717948717948718 0.07692307692307693 0.07692307692307693
0 0.46153846153846156 0.717948717948718 0.07692307692307693 0.07692307692307693
0 0.5384615384615384 0.717948717948718 0.07692307692307693 0.07692307692307693
0 0.23076923076923078 0.7564102564102564 0.07692307692307693 0.07692307692307693
0 0.717948717948718 0.782051282051282 0.07692307692307693 0.07692307692307693
0 0.7307692307692307 0.782051282051282 0.07692307692307693 0.07692307692307693
0 0.19230769230769232 0.8076923076923077 0.07692307692307693 0.07692307692307693
0 0.32051282051282054 0.8333333333333334 0.07692307692307693 0.07692307692307693
0 0.7307692307692307 0.8589743589743589 0.07692307692307693 0.07692307692307693
0 0.9358974358974359 0.8717948717948718 0.07692307692307693 0.07692307692307693
0 0.5256410256410257 0.9230769230769231 0.07692307692307693 0.07692307692307693
0 0.11538461538461539 0.9230769230769231 0.07692307692307693 0.07692307692307693
0 0.6025641025641025 0.9358974358974359 0.07692307692307693 0.07692307692307693
0 0.358974358974359 0.9487179487179487 0.07692307692307693 0.07692307692307693
0 0.24358974358974358 0.9615384615384616 0.07692307692307693 0.07692307692307693
0 0.2692307692307692 0.11538461538461539 0.07692307692307693 0.07692307692307693
0 0.2692307692307692 0.11538461538461539 0.07692307692307693 0.07692307692307693
0 0.3333333333333333 0.1282051282051282 0.07692307692307693 0.07692307692307693
0 0.34615384615384615 0.07692307692307693 0.07692307692307693 0.07692307692307693
0 0.3717948717948718 0.05128205128205128 0.07692307692307693 0.07692307692307693
0 0.4230769230769231 0.05128205128205128 0.07692307692307693 0.07692307692307693
0 0.5 0.0641025641025641 0.07692307692307693 0.07692307692307693
0 0.5256410256410257 0.11538461538461539 0.07692307692307693 0.07692307692307693
0 0.6025641025641025 0.1282051282051282 0.07692307692307693 0.07692307692307693
0 0.6153846153846154 0.07692307692307693 0.07692307692307693 0.07692307692307693
0 0.8974358974358975 0.02564102564102564 0.07692307692307693 0.07692307692307693
0 0.9230769230769231 0.07692307692307693 0.07692307692307693 0.07692307692307693
0 0.9743589743589743 0.05128205128205128 0.07692307692307693 0.07692307692307693
0 0.9615384615384616 0.19230769230769232 0.07692307692307693 0.07692307692307693
0 0.6538461538461539 0.16666666666666666 0.07692307692307693 0.07692307692307693
0 0.4358974358974359 0.19230769230769232 0.07692307692307693 0.07692307692307693
0 0.3717948717948718 0.16666666666666666 0.07692307692307693 0.07692307692307693
0 0.5 0.16666666666666666 0.07692307692307693 0.07692307692307693
0 0.1282051282051282 0.2564102564102564 0.07692307692307693 0.07692307692307693
0 0.08974358974358974 0.23076923076923078 0.07692307692307693 0.07692307692307693
0 0.4230769230769231 0.2564102564102564 0.07692307692307693 0.07692307692307693
0 0.5 0.41025641025641024 0.07692307692307693 0.07692307692307693
0 0.5897435897435898 0.32051282051282054 0.07692307692307693 0.07692307692307693
0 0.7564102564102564 0.2948717948717949 0.07692307692307693 0.07692307692307693
0 0.7948717948717948 0.24358974358974358 0.07692307692307693 0.07692307692307693
0 0.9615384615384616 0.32051282051282054 0.07692307692307693 0.07692307692307693
0 0.9743589743589743 0.2564102564102564 0.07692307692307693 0.07692307692307693
0 0.8846153846153846 0.34615384615384615 0.07692307692307693 0.07692307692307693
0 0.9615384615384616 0.4230769230769231 0.07692307692307693 0.07692307692307693
0 0.8974358974358975 0.46153846153846156 0.07692307692307693 0.07692307692307693
0 0.5512820512820513 0.44871794871794873 0.07692307692307693 0.07692307692307693
0 0.6153846153846154 0.44871794871794873 0.07692307692307693 0.07692307692307693
0 0.44871794871794873 0.5641025641025641 0.07692307692307693 0.07692307692307693
0 0.4230769230769231 0.5897435897435898 0.07692307692307693 0.07692307692307693
0 0.2948717948717949 0.5641025641025641 0.07692307692307693 0.07692307692307693
0 0.34615384615384615 0.5 0.07692307692307693 0.07692307692307693
0 0.08974358974358974 0.48717948717948717 0.07692307692307693 0.07692307692307693
0 0.038461538461538464 0.5 0.07692307692307693 0.07692307692307693
0 0.01282051282051282 0.44871794871794873 0.07692307692307693 0.07692307692307693
0 0.47435897435897434 0.5128205128205128 0.07692307692307693 0.07692307692307693
0 0.5128205128205128 0.48717948717948717 0.07692307692307693 0.07692307692307693
0 0.6025641025641025 0.6025641025641025 0.07692307692307693 0.07692307692307693
0 0.6794871794871795 0.46153846153846156 0.07692307692307693 0.07692307692307693
0 0.6282051282051282 0.5 0.07692307692307693 0.07692307692307693
0 0.5641025641025641 0.5 0.07692307692307693 0.07692307692307693
0 0.7692307692307693 0.5128205128205128 0.07692307692307693 0.07692307692307693
0 0.782051282051282 0.3974358974358974 0.07692307692307693 0.07692307692307693
0 0.8076923076923077 0.5512820512820513 0.07692307692307693 0.07692307692307693
0 0.9743589743589743 0.5256410256410257 0.07692307692307693 0.07692307692307693
0 0.7692307692307693 0.6025641025641025 0.07692307692307693 0.07692307692307693
0 0.8205128205128205 0.6538461538461539 0.07692307692307693 0.07692307692307693
0 0.8589743589743589 0.7051282051282052 0.07692307692307693 0.07692307692307693
0 0.8589743589743589 0.7564102564102564 0.07692307692307693 0.07692307692307693
0 0.9230769230769231 0.7692307692307693 0.07692307692307693 0.07692307692307693
0 0.9615384615384616 0.7307692307692307 0.07692307692307693 0.07692307692307693
0 0.8717948717948718 0.5769230769230769 0.07692307692307693 0.07692307692307693
0 0.9743589743589743 0.6153846153846154 0.07692307692307693 0.07692307692307693
0 0.0641025641025641 0.16666666666666666 0.07692307692307693 0.07692307692307693
0 0.02564102564102564 0.21794871794871795 0.07692307692307693 0.07692307692307693
0 0.1282051282051282 0.14102564102564102 0.07692307692307693 0.07692307692307693
0 0.28205128205128205 0.2692307692307692 0.07692307692307693 0.07692307692307693
0 0.2692307692307692 0.6282051282051282 0.07692307692307693 0.07692307692307693
0 0.3076923076923077 0.6666666666666666 0.07692307692307693 0.07692307692307693
0 0.28205128205128205 0.7948717948717948 0.07692307692307693 0.07692307692307693
0 0.2948717948717949 0.9102564102564102 0.07692307692307693 0.07692307692307693
0 0.5 0.7692307692307693 0.07692307692307693 0.07692307692307693
0 0.5128205128205128 0.6666666666666666 0.07692307692307693 0.07692307692307693
0 0.5641025641025641 0.7948717948717948 0.07692307692307693 0.07692307692307693
0 0.5897435897435898 0.7435897435897436 0.07692307692307693 0.07692307692307693
0 0.6153846153846154 0.8333333333333334 0.07692307692307693 0.07692307692307693
0 0.6410256410256411 0.782051282051282 0.07692307692307693 0.07692307692307693
0 0.6794871794871795 0.7435897435897436 0.07692307692307693 0.07692307692307693
0 0.6666666666666666 0.6666666666666666 0.07692307692307693 0.07692307692307693
0 0.7948717948717948 0.8333333333333334 0.07692307692307693 0.07692307692307693
0 0.6666666666666666 0.9358974358974359 0.07692307692307693 0.07692307692307693
0 0.7948717948717948 0.9102564102564102 0.07692307692307693 0.07692307692307693
0 0.8461538461538461 0.8717948717948718 0.07692307692307693 0.07692307692307693
0 0.11538461538461539 0.8461538461538461 0.07692307692307693 0.07692307692307693
0 0.038461538461538464 0.8333333333333334 0.07692307692307693 0.07692307692307693
0 0.05128205128205128 0.6666666666666666 0.07692307692307693 0.07692307692307693
0 0.7692307692307693 0.717948717948718 0.07692307692307693 0.07692307692307693
0 0.8461538461538461 0.2692307692307692 0.07692307692307693 0.07692307692307693
0 0.7692307692307693 0.11538461538461539 0.07692307692307693 0.07692307692307693
0 0.07692307692307693 0.5384615384615384 0.07692307692307693 0.07692307692307693
0 0.14102564102564102 0.5128205128205128 0.07692307692307693 0.07692307692307693
0 0.16666666666666666 0.7692307692307693 0.07692307692307693 0.07692307692307693
0 0.358974358974359 0.8974358974358975 0.07692307692307693 0.07692307692307693
0 0.3974358974358974 0.8589743589743589 0.07692307692307693 0.07692307692307693
0 0.44871794871794873 0.8076923076923077 0.07692307692307693 0.07692307692307693
0 0.3717948717948718 0.782051282051282 0.07692307692307693 0.07692307692307693
0 0.5384615384615384 0.8717948717948718 0.07692307692307693 0.07692307692307693
0 0.7564102564102564 0.9615384615384616 0.07692307692307693 0.07692307692307693
0 0.8461538461538461 0.9743589743589743 0.07692307692307693 0.07692307692307693
0 0.9615384615384616 0.9487179487179487 0.07692307692307693 0.07692307692307693
0 0.32051282051282054 0.7435897435897436 0.07692307692307693 0.07692307692307693
