0 0.47435897435897434 0.0641025641025641 0.07692307692307693 0.07692307692307693
0 0.15384615384615385 0.0641025641025641 0.07692307692307693 0.07692307692307693
0 0.24358974358974358 0.0641025641025641 0.07692307692307693 0.07692307692307693
0 0.08974358974358974 0.14102564102564102 0.07692307692307693 0.07692307692307693
0 0.6153846153846154 0.16666666666666666 0.07692307692307693 0.07692307692307693
0 0.24358974358974358 0.1794871794871795 0.07692307692307693 0.07692307692307693
0 0.46153846153846156 0.1794871794871795 0.07692307692307693 0.07692307692307693
0 0.15384615384615385 0.19230769230769232 0.07692307692307693 0.07692307692307693
0 0.32051282051282054 0.2692307692307692 0.07692307692307693 0.07692307692307693
0 0.15384615384615385 0.28205128205128205 0.07692307692307693 0.07692307692307693
0 0.6153846153846154 0.3076923076923077 0.07692307692307693 0.07692307692307693
0 0.24358974358974358 0.34615384615384615 0.07692307692307693 0.07692307692307693
0 0.0641025641025641 0.38461538461538464 0.07692307692307693 0.07692307692307693
0 0.6538461538461539 0.38461538461538464 0.07692307692307693 0.07692307692307693
0 0.16666666666666666 0.41025641025641024 0.07692307692307693 0.07692307692307693
0 0.41025641025641024 0.41025641025641024 0.07692307692307693 0.07692307692307693
0 0.8205128205128205 0.4230769230769231 0.07692307692307693 0.07692307692307693
0 0.2692307692307692 0.4358974358974359 0.07692307692307693 0.07692307692307693
0 0.6282051282051282 0.46153846153846156 0.07692307692307693 0.07692307692307693
0 0.7051282051282052 0.48717948717948717 0.07692307692307693 0.07692307692307693
0 0.4230769230769231 0.5128205128205128 0.07692307692307693 0.07692307692307693
0 0.08974358974358974 0.5384615384615384 0.07692307692307693 0.07692307692307693
0 0.5256410256410257 0.5384615384615384 0.07692307692307693 0.07692307692307693
0 0.7948717948717948 0.5512820512820513 0.07692307692307693 0.07692307692307693
0 0.28205128205128205 0.6282051282051282 0.07692307692307693 0.07692307692307693
0 0.5384615384615384 0.6410256410256411 0.07692307692307693 0.07692307692307693
0 0.7051282051282052 0.6410256410256411 0.07692307692307693 0.07692307692307693
0 0.6282051282051282 0.6794871794871795 0.07692307692307693 0.07692307692307693
0 0.1794871794871795 0.6923076923076923 0.07692307692307693 0.07692307692307693
0 0.1282051282051282 0.7051282051282052 0.07692307692307693 0.07692307692307693
0 0.8461538461538461 0.7307692307692307 0.07692307692307693 0.07692307692307693
0 0.44871794871794873 0.782051282051282 0.07692307692307693 0.07692307692307693
0 0.15384615384615385 0.7948717948717948 0.07692307692307693 0.07692307692307693
0 0.28205128205128205 0.8461538461538461 0.07692307692307693 0.07692307692307693
0 0.5 0.8461538461538461 0.07692307692307693 0.07692307692307693
0 0.7692307692307693 0.8717948717948718 0.07692307692307693 0.07692307692307693
0 0.14102564102564102 0.8717948717948718 0.07692307692307693 0.07692307692307693
0 0.5256410256410257 0.8974358974358975 0.07692307692307693 0.07692307692307693
0 0.2564102564102564 0.9487179487179487 0.07692307692307693 0.07692307692307693
0 0.8461538461538461 0.9743589743589743 0.07692307692307693 0.07692307692307693
0 0.32051282051282054 0.0641025641025641 0.07692307692307693 0.07692307692307693
0 0.5512820512820513 0.24358974358974358 0.07692307692307693 0.07692307692307693
0 0.038461538461538464 0.7564102564102564 0.07692307692307693 0.07692307692307693
0 0.5512820512820513 0.7692307692307693 0.07692307692307693 0.07692307692307693
0 0.38461538461538464 0.6282051282051282 0.07692307692307693 0.07692307692307693
0 0.5384615384615384 0.46153846153846156 0.07692307692307693 0.07692307692307693
0 0.8846153846153846 0.34615384615384615 0.07692307692307693 0.07692307692307693
0 0.9743589743589743 0.3076923076923077 0.07692307692307693 0.07692307692307693
0 0.9102564102564102 0.5128205128205128 0.07692307692307693 0.07692307692307693
0 0.07692307692307693 0.9487179487179487 0.07692307692307693 0.07692307692307693
0 0.2692307692307692 0.7564102564102564 0.07692307692307693 0.07692307692307693
0 0.9102564102564102 0.10256410256410256 0.07692307692307693 0.07692307692307693
0 0.8846153846153846 0.8846153846153846 0.07692307692307693 0.07692307692307693
0 0.6923076923076923 0.9358974358974359 0.07692307692307693 0.07692307692307693
0 0.2692307692307692 0.5384615384615384 0.07692307692307693 0.07692307692307693
0 0.6025641025641025 0.07692307692307693 0.07692307692307693 0.07692307692307693
0 0.34615384615384615 0.8846153846153846 0.07692307692307693 0.07692307692307693
