0 0.8088235294117647 0.014492753623188406 0.08823529411764706 0.08695652173913043
0 0.47058823529411764 0.043478260869565216 0.08823529411764706 0.08695652173913043
0 0.2647058823529412 0.057971014492753624 0.08823529411764706 0.08695652173913043
0 0.058823529411764705 0.07246376811594203 0.08823529411764706 0.08695652173913043
0 0.36764705882352944 0.07246376811594203 0.08823529411764706 0.08695652173913043
0 0.8235294117647058 0.08695652173913043 0.08823529411764706 0.08695652173913043
0 0.9264705882352942 0.08695652173913043 0.08823529411764706 0.08695652173913043
0 0.7352941176470589 0.08695652173913043 0.08823529411764706 0.08695652173913043
0 0.7352941176470589 0.11594202898550725 0.08823529411764706 0.08695652173913043
0 0.8235294117647058 0.13043478260869565 0.08823529411764706 0.08695652173913043
0 0.6029411764705882 0.13043478260869565 0.08823529411764706 0.08695652173913043
0 0.25 0.14492753623188406 0.08823529411764706 0.08695652173913043
0 0.2647058823529412 0.15942028985507245 0.08823529411764706 0.08695652173913043
0 0.17647058823529413 0.15942028985507245 0.08823529411764706 0.08695652173913043
0 0.058823529411764705 0.17391304347826086 0.08823529411764706 0.08695652173913043
0 0.8382352941176471 0.18840579710144928 0.08823529411764706 0.08695652173913043
0 0.14705882352941177 0.18840579710144928 0.08823529411764706 0.08695652173913043
0 0.9558823529411765 0.2028985507246377 0.08823529411764706 0.08695652173913043
0 0.27941176470588236 0.21739130434782608 0.08823529411764706 0.08695652173913043
0 0.39705882352941174 0.21739130434782608 0.08823529411764706 0.08695652173913043
0 0.6029411764705882 0.2318840579710145 0.08823529411764706 0.08695652173913043
0 0.8529411764705882 0.2608695652173913 0.08823529411764706 0.08695652173913043
0 0.35294117647058826 0.2898550724637681 0.08823529411764706 0.08695652173913043
0 0.9411764705882353 0.30434782608695654 0.08823529411764706 0.08695652173913043
0 0.23529411764705882 0.3333333333333333 0.08823529411764706 0.08695652173913043
0 0.04411764705882353 0.34782608695652173 0.08823529411764706 0.08695652173913043
0 0.5735294117647058 0.34782608695652173 0.08823529411764706 0.08695652173913043
0 0.4852941176470588 0.37681159420289856 0.08823529411764706 0.08695652173913043
0 0.36764705882352944 0.37681159420289856 0.08823529411764706 0.08695652173913043
0 0.8235294117647058 0.391304347826087 0.08823529411764706 0.08695652173913043
0 0.29411764705882354 0.391304347826087 0.08823529411764706 0.08695652173913043
0 0.36764705882352944 0.4057971014492754 0.08823529411764706 0.08695652173913043
0 0.29411764705882354 0.42028985507246375 0.08823529411764706 0.08695652173913043
0 0.38235294117647056 0.42028985507246375 0.08823529411764706 0.08695652173913043
0 0.4264705882352941 0.43478260869565216 0.08823529411764706 0.08695652173913043
0 0.8235294117647058 0.4492753623188406 0.08823529411764706 0.08695652173913043
0 0.17647058823529413 0.4927536231884058 0.08823529411764706 0.08695652173913043
0 0.9264705882352942 0.4927536231884058 0.08823529411764706 0.08695652173913043
0 0.08823529411764706 0.5362318840579711 0.08823529411764706 0.08695652173913043
0 0.6764705882352942 0.5362318840579711 0.08823529411764706 0.08695652173913043
0 0.8235294117647058 0.5507246376811594 0.08823529411764706 0.08695652173913043
0 0.9264705882352942 0.5507246376811594 0.08823529411764706 0.08695652173913043
0 0.5588235294117647 0.5652173913043478 0.08823529411764706 0.08695652173913043
0 0.1323529411764706 0.5797101449275363 0.08823529411764706 0.08695652173913043
0 0.6617647058823529 0.5797101449275363 0.08823529411764706 0.08695652173913043
0 0.23529411764705882 0.6376811594202898 0.08823529411764706 0.08695652173913043
0 0.5441176470588235 0.6376811594202898 0.08823529411764706 0.08695652173913043
0 0.8382352941176471 0.6376811594202898 0.08823529411764706 0.08695652173913043
0 0.9411764705882353 0.6376811594202898 0.08823529411764706 0.08695652173913043
0 0.20588235294117646 0.6666666666666666 0.08823529411764706 0.08695652173913043
0 0.9411764705882353 0.6811594202898551 0.08823529411764706 0.08695652173913043
0 0.6911764705882353 0.6811594202898551 0.08823529411764706 0.08695652173913043
0 0.9117647058823529 0.7246376811594203 0.08823529411764706 0.08695652173913043
0 0.6029411764705882 0.7246376811594203 0.08823529411764706 0.08695652173913043
0 0.4117647058823529 0.7536231884057971 0.08823529411764706 0.08695652173913043
0 0.3382352941176471 0.782608695652174 0.08823529411764706 0.08695652173913043
0 0.5294117647058824 0.8260869565217391 0.08823529411764706 0.08695652173913043
0 0.20588235294117646 0.8405797101449275 0.08823529411764706 0.08695652173913043
0 0.29411764705882354 0.8405797101449275 0.08823529411764706 0.08695652173913043
0 0.8529411764705882 0.855072463768116 0.08823529411764706 0.08695652173913043
0 0.36764705882352944 0.8695652173913043 0.08823529411764706 0.08695652173913043
0 0.058823529411764705 0.8695652173913043 0.08823529411764706 0.08695652173913043
0 0.4117647058823529 0.8840579710144928 0.08823529411764706 0.08695652173913043
0 0.20588235294117646 0.9130434782608695 0.08823529411764706 0.08695652173913043
0 0.3235294117647059 0.9420289855072463 0.08823529411764706 0.08695652173913043
0 0.07352941176470588 0.9565217391304348 0.08823529411764706 0.08695652173913043
0 0.1323529411764706 0.08695652173913043 0.08823529411764706 0.08695652173913043
0 0.6029411764705882 0.043478260869565216 0.08823529411764706 0.08695652173913043
0 0.7205882352941176 0.057971014492753624 0.08823529411764706 0.08695652173913043
0 0.36764705882352944 0.15942028985507245 0.08823529411764706 0.08695652173913043
0 0.45588235294117646 0.13043478260869565 0.08823529411764706 0.08695652173913043
0 0.22058823529411764 0.2608695652173913 0.08823529411764706 0.08695652173913043
0 0.10294117647058823 0.2753623188405797 0.08823529411764706 0.08695652173913043
0 0.014705882352941176 0.2463768115942029 0.08823529411764706 0.08695652173913043
0 0.1323529411764706 0.36231884057971014 0.08823529411764706 0.08695652173913043
0 0.07352941176470588 0.43478260869565216 0.08823529411764706 0.08695652173913043
0 0.17647058823529413 0.42028985507246375 0.08823529411764706 0.08695652173913043
0 0.4264705882352941 0.30434782608695654 0.08823529411764706 0.08695652173913043
0 0.4264705882352941 0.36231884057971014 0.08823529411764706 0.08695652173913043
0 0.5147058823529411 0.30434782608695654 0.08823529411764706 0.08695652173913043
0 0.6617647058823529 0.3188405797101449 0.08823529411764706 0.08695652173913043
0 0.7794117647058824 0.30434782608695654 0.08823529411764706 0.08695652173913043
0 0.9705882352941176 0.42028985507246375 0.08823529411764706 0.08695652173913043
0 0.8970588235294118 0.37681159420289856 0.08823529411764706 0.08695652173913043
0 0.6470588235294118 0.42028985507246375 0.08823529411764706 0.08695652173913043
0 0.5735294117647058 0.43478260869565216 0.08823529411764706 0.08695652173913043
0 0.7352941176470589 0.391304347826087 0.08823529411764706 0.08695652173913043
0 0.29411764705882354 0.4927536231884058 0.08823529411764706 0.08695652173913043
0 0.29411764705882354 0.5942028985507246 0.08823529411764706 0.08695652173913043
0 0.35294117647058826 0.5362318840579711 0.08823529411764706 0.08695652173913043
0 0.4264705882352941 0.5217391304347826 0.08823529411764706 0.08695652173913043
0 0.014705882352941176 0.6231884057971014 0.08823529411764706 0.08695652173913043
0 0.014705882352941176 0.5362318840579711 0.08823529411764706 0.08695652173913043
0 0.014705882352941176 0.7971014492753623 0.08823529411764706 0.08695652173913043
0 0.39705882352941174 0.6956521739130435 0.08823529411764706 0.08695652173913043
0 0.23529411764705882 0.7246376811594203 0.08823529411764706 0.08695652173913043
0 0.19117647058823528 0.5797101449275363 0.08823529411764706 0.08695652173913043
0 0.8823529411764706 0.9565217391304348 0.08823529411764706 0.08695652173913043
0 0.7941176470588235 0.9130434782608695 0.08823529411764706 0.08695652173913043
0 0.8529411764705882 0.7971014492753623 0.08823529411764706 0.08695652173913043
0 0.7794117647058824 0.7246376811594203 0.08823529411764706 0.08695652173913043
0 0.75 0.5942028985507246 0.08823529411764706 0.08695652173913043
0 0.75 0.5072463768115942 0.08823529411764706 0.08695652173913043
0 0.7058823529411765 0.7971014492753623 0.08823529411764706 0.08695652173913043
0 0.5 0.9420289855072463 0.08823529411764706 0.08695652173913043
0 0.4264705882352941 0.8405797101449275 0.08823529411764706 0.08695652173913043
0 0.5147058823529411 0.7101449275362319 0.08823529411764706 0.08695652173913043
0 0.6617647058823529 0.8840579710144928 0.08823529411764706 0.08695652173913043
0 0.4852941176470588 0.5507246376811594 0.08823529411764706 0.08695652173913043
0 0.7205882352941176 0.21739130434782608 0.08823529411764706 0.08695652173913043
0 0.9558823529411765 0.9130434782608695 0.08823529411764706 0.08695652173913043
