0 0.7794117647058824 0.014492753623188406 0.08823529411764706 0.08695652173913043
0 0.9411764705882353 0.043478260869565216 0.08823529411764706 0.08695652173913043
0 0.6617647058823529 0.043478260869565216 0.08823529411764706 0.08695652173913043
0 0.8823529411764706 0.10144927536231885 0.08823529411764706 0.08695652173913043
0 0.5882352941176471 0.10144927536231885 0.08823529411764706 0.08695652173913043
0 0.7794117647058824 0.10144927536231885 0.08823529411764706 0.08695652173913043
0 0.5 0.13043478260869565 0.08823529411764706 0.08695652173913043
0 0.38235294117647056 0.14492753623188406 0.08823529411764706 0.08695652173913043
0 0.6911764705882353 0.17391304347826086 0.08823529411764706 0.08695652173913043
0 0.17647058823529413 0.2028985507246377 0.08823529411764706 0.08695652173913043
0 0.29411764705882354 0.21739130434782608 0.08823529411764706 0.08695652173913043
0 0.5441176470588235 0.21739130434782608 0.08823529411764706 0.08695652173913043
0 0.08823529411764706 0.2753623188405797 0.08823529411764706 0.08695652173913043
0 0.47058823529411764 0.2753623188405797 0.08823529411764706 0.08695652173913043
0 0.35294117647058826 0.30434782608695654 0.08823529411764706 0.08695652173913043
0 0.23529411764705882 0.3188405797101449 0.08823529411764706 0.08695652173913043
0 0.16176470588235295 0.3333333333333333 0.08823529411764706 0.08695652173913043
0 0.5441176470588235 0.3333333333333333 0.08823529411764706 0.08695652173913043
0 0.6176470588235294 0.37681159420289856 0.08823529411764706 0.08695652173913043
0 0.9264705882352942 0.37681159420289856 0.08823529411764706 0.08695652173913043
0 0.3235294117647059 0.391304347826087 0.08823529411764706 0.08695652173913043
0 0.45588235294117646 0.391304347826087 0.08823529411764706 0.08695652173913043
0 0.20588235294117646 0.42028985507246375 0.08823529411764706 0.08695652173913043
0 0.5441176470588235 0.463768115942029 0.08823529411764706 0.08695652173913043
0 0.17647058823529413 0.4927536231884058 0.08823529411764706 0.08695652173913043
0 0.2647058823529412 0.4927536231884058 0.08823529411764706 0.08695652173913043
0 0.9411764705882353 0.5217391304347826 0.08823529411764706 0.08695652173913043
0 0.4852941176470588 0.5362318840579711 0.08823529411764706 0.08695652173913043
0 0.4117647058823529 0.5652173913043478 0.08823529411764706 0.08695652173913043
0 0.6029411764705882 0.5652173913043478 0.08823529411764706 0.08695652173913043
0 0.7941176470588235 0.5942028985507246 0.08823529411764706 0.08695652173913043
0 0.5882352941176471 0.6376811594202898 0.08823529411764706 0.08695652173913043
0 0.04411764705882353 0.6376811594202898 0.08823529411764706 0.08695652173913043
0 0.19117647058823528 0.6376811594202898 0.08823529411764706 0.08695652173913043
0 0.38235294117647056 0.6666666666666666 0.08823529411764706 0.08695652173913043
0 0.9558823529411765 0.6956521739130435 0.08823529411764706 0.08695652173913043
0 0.1323529411764706 0.7101449275362319 0.08823529411764706 0.08695652173913043
0 0.29411764705882354 0.7101449275362319 0.08823529411764706 0.08695652173913043
0 0.6764705882352942 0.7101449275362319 0.08823529411764706 0.08695652173913043
0 0.5588235294117647 0.7391304347826086 0.08823529411764706 0.08695652173913043
0 0.47058823529411764 0.7536231884057971 0.08823529411764706 0.08695652173913043
0 0.7794117647058824 0.7681159420289855 0.08823529411764706 0.08695652173913043
0 0.8823529411764706 0.7681159420289855 0.08823529411764706 0.08695652173913043
0 0.20588235294117646 0.7971014492753623 0.08823529411764706 0.08695652173913043
0 0.29411764705882354 0.7971014492753623 0.08823529411764706 0.08695652173913043
0 0.6029411764705882 0.8260869565217391 0.08823529411764706 0.08695652173913043
0 0.4852941176470588 0.9130434782608695 0.08823529411764706 0.08695652173913043
0 0.6470588235294118 0.9420289855072463 0.08823529411764706 0.08695652173913043
0 0.058823529411764705 0.9420289855072463 0.08823529411764706 0.08695652173913043
0 0.08823529411764706 0.13043478260869565 0.08823529411764706 0.08695652173913043
0 0.14705882352941177 0.08695652173913043 0.08823529411764706 0.08695652173913043
0 0.2647058823529412 0.13043478260869565 0.08823529411764706 0.08695652173913043
0 0.07352941176470588 0.42028985507246375 0.08823529411764706 0.08695652173913043
0 0.029411764705882353 0.5362318840579711 0.08823529411764706 0.08695652173913043
0 0.1323529411764706 0.6086956521739131 0.08823529411764706 0.08695652173913043
0 0.08823529411764706 0.8115942028985508 0.08823529411764706 0.08695652173913043
0 0.029411764705882353 0.8840579710144928 0.08823529411764706 0.08695652173913043
0 0.14705882352941177 0.9130434782608695 0.08823529411764706 0.08695652173913043
0 0.25 0.927536231884058 0.08823529411764706 0.08695652173913043
0 0.39705882352941174 0.8115942028985508 0.08823529411764706 0.08695652173913043
0 0.7794117647058824 0.9710144927536232 0.08823529411764706 0.08695652173913043
0 0.7352941176470589 0.8405797101449275 0.08823529411764706 0.08695652173913043
0 0.8088235294117647 0.8840579710144928 0.08823529411764706 0.08695652173913043
0 0.8970588235294118 0.9855072463768116 0.08823529411764706 0.08695652173913043
0 0.7352941176470589 0.6521739130434783 0.08823529411764706 0.08695652173913043
0 0.6911764705882353 0.5362318840579711 0.08823529411764706 0.08695652173913043
0 0.8088235294117647 0.4927536231884058 0.08823529411764706 0.08695652173913043
0 0.8676470588235294 0.4492753623188406 0.08823529411764706 0.08695652173913043
0 0.9117647058823529 0.2318840579710145 0.08823529411764706 0.08695652173913043
0 0.9705882352941176 0.15942028985507245 0.08823529411764706 0.08695652173913043
0 0.9558823529411765 0.30434782608695654 0.08823529411764706 0.08695652173913043
0 0.6911764705882353 0.30434782608695654 0.08823529411764706 0.08695652173913043
0 0.7352941176470589 0.42028985507246375 0.08823529411764706 0.08695652173913043
0 0.38235294117647056 0.5072463768115942 0.08823529411764706 0.08695652173913043
0 0.27941176470588236 0.6086956521739131 0.08823529411764706 0.08695652173913043
0 0.4411764705882353 0.07246376811594203 0.08823529411764706 0.08695652173913043
0 0.7941176470588235 0.34782608695652173 0.08823529411764706 0.08695652173913043
0 0.7794117647058824 0.2318840579710145 0.08823529411764706 0.08695652173913043
0 0.8529411764705882 0.6811594202898551 0.08823529411764706 0.08695652173913043
0 0.5 0.6666666666666666 0.08823529411764706 0.08695652173913043
