0 0.05970149253731343 0.014925373134328358 0.08955223880597014 0.08955223880597014
0 0.19402985074626866 0.014925373134328358 0.08955223880597014 0.08955223880597014
0 0.3283582089552239 0.014925373134328358 0.08955223880597014 0.08955223880597014
0 0.7761194029850746 0.014925373134328358 0.08955223880597014 0.08955223880597014
0 0.6567164179104478 0.029850746268656716 0.08955223880597014 0.08955223880597014
0 0.5522388059701493 0.05970149253731343 0.08955223880597014 0.08955223880597014
0 0.23880597014925373 0.05970149253731343 0.08955223880597014 0.08955223880597014
0 0.34328358208955223 0.05970149253731343 0.08955223880597014 0.08955223880597014
0 0.43283582089552236 0.08955223880597014 0.08955223880597014 0.08955223880597014
0 0.6119402985074627 0.08955223880597014 0.08955223880597014 0.08955223880597014
0 0.14925373134328357 0.1044776119402985 0.08955223880597014 0.08955223880597014
0 0.8059701492537313 0.1044776119402985 0.08955223880597014 0.08955223880597014
0 0.05970149253731343 0.1044776119402985 0.08955223880597014 0.08955223880597014
0 0.6865671641791045 0.11940298507462686 0.08955223880597014 0.08955223880597014
0 0.208955223880597 0.13432835820895522 0.08955223880597014 0.08955223880597014
0 0.31343283582089554 0.14925373134328357 0.08955223880597014 0.08955223880597014
0 0.7910447761194029 0.14925373134328357 0.08955223880597014 0.08955223880597014
0 0.07462686567164178 0.16417910447761194 0.08955223880597014 0.08955223880597014
0 0.6716417910447762 0.16417910447761194 0.08955223880597014 0.08955223880597014
0 0.40298507462686567 0.16417910447761194 0.08955223880597014 0.08955223880597014
0 0.7014925373134329 0.16417910447761194 0.08955223880597014 0.08955223880597014
0 0.14925373134328357 0.1791044776119403 0.08955223880597014 0.08955223880597014
0 0.8059701492537313 0.1791044776119403 0.08955223880597014 0.08955223880597014
0 0.1044776119402985 0.19402985074626866 0.08955223880597014 0.08955223880597014
0 0.7313432835820896 0.22388059701492538 0.08955223880597014 0.08955223880597014
0 0.2835820895522388 0.22388059701492538 0.08955223880597014 0.08955223880597014
0 0.029850746268656716 0.23880597014925373 0.08955223880597014 0.08955223880597014
0 0.8955223880597015 0.23880597014925373 0.08955223880597014 0.08955223880597014
0 0.40298507462686567 0.23880597014925373 0.08955223880597014 0.08955223880597014
0 0.6567164179104478 0.2537313432835821 0.08955223880597014 0.08955223880597014
0 0.7313432835820896 0.26865671641791045 0.08955223880597014 0.08955223880597014
0 0.582089552238806 0.2835820895522388 0.08955223880597014 0.08955223880597014
0 0.417910447761194 0.2835820895522388 0.08955223880597014 0.08955223880597014
0 0.5074626865671642 0.29850746268656714 0.08955223880597014 0.08955223880597014
0 0.6417910447761194 0.29850746268656714 0.08955223880597014 0.08955223880597014
0 0.13432835820895522 0.31343283582089554 0.08955223880597014 0.08955223880597014
0 0.23880597014925373 0.31343283582089554 0.08955223880597014 0.08955223880597014
0 0.3283582089552239 0.31343283582089554 0.08955223880597014 0.08955223880597014
0 0.7164179104477612 0.31343283582089554 0.08955223880597014 0.08955223880597014
0 0.8805970149253731 0.31343283582089554 0.08955223880597014 0.08955223880597014
0 0.4925373134328358 0.3283582089552239 0.08955223880597014 0.08955223880597014
0 0.14925373134328357 0.34328358208955223 0.08955223880597014 0.08955223880597014
0 0.417910447761194 0.3582089552238806 0.08955223880597014 0.08955223880597014
0 0.6716417910447762 0.3582089552238806 0.08955223880597014 0.08955223880597014
0 0.373134328358209 0.3880597014925373 0.08955223880597014 0.08955223880597014
0 0.11940298507462686 0.40298507462686567 0.08955223880597014 0.08955223880597014
0 0.8656716417910447 0.40298507462686567 0.08955223880597014 0.08955223880597014
0 0.6865671641791045 0.417910447761194 0.08955223880597014 0.08955223880597014
0 0.31343283582089554 0.43283582089552236 0.08955223880597014 0.08955223880597014
0 0.9402985074626866 0.43283582089552236 0.08955223880597014 0.08955223880597014
0 0.208955223880597 0.44776119402985076 0.08955223880597014 0.08955223880597014
0 0.6865671641791045 0.44776119402985076 0.08955223880597014 0.08955223880597014
0 0.7761194029850746 0.4626865671641791 0.08955223880597014 0.08955223880597014
0 0.8507462686567164 0.4626865671641791 0.08955223880597014 0.08955223880597014
0 0.34328358208955223 0.4626865671641791 0.08955223880597014 0.08955223880597014
0 0.582089552238806 0.47761194029850745 0.08955223880597014 0.08955223880597014
0 0.05970149253731343 0.47761194029850745 0.08955223880597014 0.08955223880597014
0 0.44776119402985076 0.4925373134328358 0.08955223880597014 0.08955223880597014
0 0.8955223880597015 0.5074626865671642 0.08955223880597014 0.08955223880597014
0 0.14925373134328357 0.5074626865671642 0.08955223880597014 0.08955223880597014
0 0.6865671641791045 0.5074626865671642 0.08955223880597014 0.08955223880597014
0 0.2537313432835821 0.5223880597014925 0.08955223880597014 0.08955223880597014
0 0.582089552238806 0.5223880597014925 0.08955223880597014 0.08955223880597014
0 0.6716417910447762 0.5373134328358209 0.08955223880597014 0.08955223880597014
0 0.13432835820895522 0.5373134328358209 0.08955223880597014 0.08955223880597014
0 0.373134328358209 0.5522388059701493 0.08955223880597014 0.08955223880597014
0 0.44776119402985076 0.5522388059701493 0.08955223880597014 0.08955223880597014
0 0.8208955223880597 0.5671641791044776 0.08955223880597014 0.08955223880597014
0 0.47761194029850745 0.5970149253731343 0.08955223880597014 0.08955223880597014
0 0.582089552238806 0.5970149253731343 0.08955223880597014 0.08955223880597014
0 0.208955223880597 0.6119402985074627 0.08955223880597014 0.08955223880597014
0 0.14925373134328357 0.6417910447761194 0.08955223880597014 0.08955223880597014
0 0.7910447761194029 0.6567164179104478 0.08955223880597014 0.08955223880597014
0 0.6268656716417911 0.6567164179104478 0.08955223880597014 0.08955223880597014
0 0.07462686567164178 0.6716417910447762 0.08955223880597014 0.08955223880597014
0 0.2835820895522388 0.6716417910447762 0.08955223880597014 0.08955223880597014
0 0.746268656716418 0.6716417910447762 0.08955223880597014 0.08955223880597014
0 0.8805970149253731 0.6716417910447762 0.08955223880597014 0.08955223880597014
0 0.8955223880597015 0.6865671641791045 0.08955223880597014 0.08955223880597014
0 0.1791044776119403 0.7014925373134329 0.08955223880597014 0.08955223880597014
0 0.19402985074626866 0.7014925373134329 0.08955223880597014 0.08955223880597014
0 0.6716417910447762 0.7014925373134329 0.08955223880597014 0.08955223880597014
0 0.4925373134328358 0.7164179104477612 0.08955223880597014 0.08955223880597014
0 0.23880597014925373 0.7761194029850746 0.08955223880597014 0.08955223880597014
0 0.6119402985074627 0.7761194029850746 0.08955223880597014 0.08955223880597014
0 0.9253731343283582 0.7761194029850746 0.08955223880597014 0.08955223880597014
0 0.7164179104477612 0.7910447761194029 0.08955223880597014 0.08955223880597014
0 0.16417910447761194 0.7910447761194029 0.08955223880597014 0.08955223880597014
0 0.3582089552238806 0.7910447761194029 0.08955223880597014 0.08955223880597014
0 0.22388059701492538 0.8059701492537313 0.08955223880597014 0.08955223880597014
0 0.34328358208955223 0.8059701492537313 0.08955223880597014 0.08955223880597014
0 0.4626865671641791 0.8059701492537313 0.08955223880597014 0.08955223880597014
0 0.6119402985074627 0.8059701492537313 0.08955223880597014 0.08955223880597014
0 0.7910447761194029 0.8507462686567164 0.08955223880597014 0.08955223880597014
0 0.208955223880597 0.8656716417910447 0.08955223880597014 0.08955223880597014
0 0.1044776119402985 0.8955223880597015 0.08955223880597014 0.08955223880597014
0 0.44776119402985076 0.8955223880597015 0.08955223880597014 0.08955223880597014
0 0.34328358208955223 0.9104477611940298 0.08955223880597014 0.08955223880597014
0 0.8059701492537313 0.9253731343283582 0.08955223880597014 0.08955223880597014
0 0.29850746268656714 0.9402985074626866 0.08955223880597014 0.08955223880597014
0 0.6865671641791045 0.9402985074626866 0.08955223880597014 0.08955223880597014
0 0.7910447761194029 0.9552238805970149 0.08955223880597014 0.08955223880597014
0 0.9402985074626866 0.9552238805970149 0.08955223880597014 0.08955223880597014
0 0.3880597014925373 0.9701492537313433 0.08955223880597014 0.08955223880597014
0 0.44776119402985076 0.9701492537313433 0.08955223880597014 0.08955223880597014
