0 0.08823529411764706 0.014705882352941176 0.08823529411764706 0.08823529411764706
0 0.3382352941176471 0.08823529411764706 0.08823529411764706 0.08823529411764706
0 0.08823529411764706 0.08823529411764706 0.08823529411764706 0.08823529411764706
0 0.47058823529411764 0.10294117647058823 0.08823529411764706 0.08823529411764706
0 0.23529411764705882 0.1323529411764706 0.08823529411764706 0.08823529411764706
0 0.38235294117647056 0.1323529411764706 0.08823529411764706 0.08823529411764706
0 0.6764705882352942 0.1323529411764706 0.08823529411764706 0.08823529411764706
0 0.029411764705882353 0.16176470588235295 0.08823529411764706 0.08823529411764706
0 0.8235294117647058 0.17647058823529413 0.08823529411764706 0.08823529411764706
0 0.20588235294117646 0.20588235294117646 0.08823529411764706 0.08823529411764706
0 0.6029411764705882 0.20588235294117646 0.08823529411764706 0.08823529411764706
0 0.9558823529411765 0.22058823529411764 0.08823529411764706 0.08823529411764706
0 0.47058823529411764 0.2647058823529412 0.08823529411764706 0.08823529411764706
0 0.04411764705882353 0.29411764705882354 0.08823529411764706 0.08823529411764706
0 0.27941176470588236 0.29411764705882354 0.08823529411764706 0.08823529411764706
0 0.5147058823529411 0.3235294117647059 0.08823529411764706 0.08823529411764706
0 0.8382352941176471 0.3235294117647059 0.08823529411764706 0.08823529411764706
0 0.17647058823529413 0.38235294117647056 0.08823529411764706 0.08823529411764706
0 0.35294117647058826 0.4117647058823529 0.08823529411764706 0.08823529411764706
0 0.7941176470588235 0.4117647058823529 0.08823529411764706 0.08823529411764706
0 0.5735294117647058 0.4411764705882353 0.08823529411764706 0.08823529411764706
0 0.4411764705882353 0.4411764705882353 0.08823529411764706 0.08823529411764706
0 0.9117647058823529 0.4411764705882353 0.08823529411764706 0.08823529411764706
0 0.058823529411764705 0.4852941176470588 0.08823529411764706 0.08823529411764706
0 0.20588235294117646 0.5 0.08823529411764706 0.08823529411764706
0 0.4264705882352941 0.5147058823529411 0.08823529411764706 0.08823529411764706
0 0.8676470588235294 0.5294117647058824 0.08823529411764706 0.08823529411764706
0 0.6323529411764706 0.5882352941176471 0.08823529411764706 0.08823529411764706
0 0.47058823529411764 0.6029411764705882 0.08823529411764706 0.08823529411764706
0 0.5441176470588235 0.6029411764705882 0.08823529411764706 0.08823529411764706
0 0.7058823529411765 0.6176470588235294 0.08823529411764706 0.08823529411764706
0 0.058823529411764705 0.6470588235294118 0.08823529411764706 0.08823529411764706
0 0.23529411764705882 0.6470588235294118 0.08823529411764706 0.08823529411764706
0 0.23529411764705882 0.7205882352941176 0.08823529411764706 0.08823529411764706
0 0.47058823529411764 0.75 0.08823529411764706 0.08823529411764706
0 0.5294117647058824 0.7647058823529411 0.08823529411764706 0.08823529411764706
0 0.029411764705882353 0.7647058823529411 0.08823529411764706 0.08823529411764706
0 0.23529411764705882 0.7794117647058824 0.08823529411764706 0.08823529411764706
0 0.5735294117647058 0.8088235294117647 0.08823529411764706 0.08823529411764706
0 0.6764705882352942 0.8676470588235294 0.08823529411764706 0.08823529411764706
0 0.8970588235294118 0.8823529411764706 0.08823529411764706 0.08823529411764706
0 0.3088235294117647 0.8970588235294118 0.08823529411764706 0.08823529411764706
0 0.8088235294117647 0.9117647058823529 0.08823529411764706 0.08823529411764706
0 0.9411764705882353 0.9264705882352942 0.08823529411764706 0.08823529411764706
0 0.47058823529411764 0.9264705882352942 0.08823529411764706 0.08823529411764706
0 0.10294117647058823 0.19117647058823528 0.08823529411764706 0.08823529411764706
0 0.11764705882352941 0.2647058823529412 0.08823529411764706 0.08823529411764706
0 0.11764705882352941 0.3382352941176471 0.08823529411764706 0.08823529411764706
0 0.19117647058823528 0.3235294117647059 0.08823529411764706 0.08823529411764706
0 0.3235294117647059 0.19117647058823528 0.08823529411764706 0.08823529411764706
0 0.38235294117647056 0.2647058823529412 0.08823529411764706 0.08823529411764706
0 0.2647058823529412 0.058823529411764705 0.08823529411764706 0.08823529411764706
0 0.5441176470588235 0.16176470588235295 0.08823529411764706 0.08823529411764706
0 0.5441176470588235 0.10294117647058823 0.08823529411764706 0.08823529411764706
0 0.5735294117647058 0.029411764705882353 0.08823529411764706 0.08823529411764706
0 0.6617647058823529 0.07352941176470588 0.08823529411764706 0.08823529411764706
0 0.6323529411764706 0.14705882352941177 0.08823529411764706 0.08823529411764706
0 0.7352941176470589 0.10294117647058823 0.08823529411764706 0.08823529411764706
0 0.7941176470588235 0.058823529411764705 0.08823529411764706 0.08823529411764706
0 0.6470588235294118 0.27941176470588236 0.08823529411764706 0.08823529411764706
0 0.4117647058823529 0.38235294117647056 0.08823529411764706 0.08823529411764706
0 0.2647058823529412 0.4117647058823529 0.08823529411764706 0.08823529411764706
0 0.10294117647058823 0.8088235294117647 0.08823529411764706 0.08823529411764706
0 0.04411764705882353 0.8676470588235294 0.08823529411764706 0.08823529411764706
0 0.16176470588235295 0.7205882352941176 0.08823529411764706 0.08823529411764706
0 0.08823529411764706 0.9705882352941176 0.08823529411764706 0.08823529411764706
0 0.14705882352941177 0.9264705882352942 0.08823529411764706 0.08823529411764706
0 0.25 0.9558823529411765 0.08823529411764706 0.08823529411764706
0 0.3235294117647059 0.8382352941176471 0.08823529411764706 0.08823529411764706
0 0.4264705882352941 0.8970588235294118 0.08823529411764706 0.08823529411764706
0 0.6911764705882353 0.9558823529411765 0.08823529411764706 0.08823529411764706
0 0.6911764705882353 0.39705882352941174 0.08823529411764706 0.08823529411764706
0 0.9558823529411765 0.35294117647058826 0.08823529411764706 0.08823529411764706
0 0.8529411764705882 0.4852941176470588 0.08823529411764706 0.08823529411764706
0 0.6617647058823529 0.5294117647058824 0.08823529411764706 0.08823529411764706
0 0.75 0.5294117647058824 0.08823529411764706 0.08823529411764706
0 0.5735294117647058 0.5588235294117647 0.08823529411764706 0.08823529411764706
0 0.3382352941176471 0.5735294117647058 0.08823529411764706 0.08823529411764706
0 0.29411764705882354 0.6323529411764706 0.08823529411764706 0.08823529411764706
0 0.29411764705882354 0.5 0.08823529411764706 0.08823529411764706
0 0.17647058823529413 0.6176470588235294 0.08823529411764706 0.08823529411764706
0 0.5 0.6764705882352942 0.08823529411764706 0.08823529411764706
0 0.6176470588235294 0.6617647058823529 0.08823529411764706 0.08823529411764706
0 0.5882352941176471 0.7058823529411765 0.08823529411764706 0.08823529411764706
0 0.75 0.75 0.08823529411764706 0.08823529411764706
0 0.8235294117647058 0.7647058823529411 0.08823529411764706 0.08823529411764706
0 0.8823529411764706 0.7647058823529411 0.08823529411764706 0.08823529411764706
0 0.9705882352941176 0.7647058823529411 0.08823529411764706 0.08823529411764706
0 0.7941176470588235 0.8235294117647058 0.08823529411764706 0.08823529411764706
0 0.9558823529411765 0.8382352941176471 0.08823529411764706 0.08823529411764706
0 0.47058823529411764 0.8529411764705882 0.08823529411764706 0.08823529411764706
0 0.39705882352941174 0.7941176470588235 0.08823529411764706 0.08823529411764706
0 0.7794117647058824 0.27941176470588236 0.08823529411764706 0.08823529411764706
0 0.4852941176470588 0.39705882352941174 0.08823529411764706 0.08823529411764706
0 0.04411764705882353 0.5735294117647058 0.08823529411764706 0.08823529411764706
0 0.7941176470588235 0.5882352941176471 0.08823529411764706 0.08823529411764706
0 0.8529411764705882 0.6470588235294118 0.08823529411764706 0.08823529411764706
0 0.9852941176470589 0.5588235294117647 0.08823529411764706 0.08823529411764706
0 0.6911764705882353 0.7941176470588235 0.08823529411764706 0.08823529411764706
